80 75
35
38
43
46
47
48
49
50
52
53
54
56
57
57
58
58
59
43	10
41	6	8
40	10	8
39	20
40	11	7
37	6	7
34	9	7
32	12	7
30	3	5	6	1
1	28	4	4	5	2
2	25	6	4	2
2	24	2	5	3	1
3	22	3	2	4	2	3	2
4	20	4	2	3	4	3	3
4	18	4	9	12	2
4	15	4	23	3
4	11	1	3	5	1	5	5
4	9	1	1	3	4	1	3	4	5
4	9	2	1	2	4	1	4	4	7
4	8	3	2	3	1	7	3	7
4	6	8	2	1	10	4	7
4	6	8	1	2	7	7	7
4	4	5	7	1	9	6	7
4	5	3	11	1	4	13	8
4	2	3	3	13	2	3	25
4	2	3	19	2	3	20
4	2	3	17	5	20
4	2	3	4	10	7	19	1
4	6	4	6	1	19	2
4	6	3	6	1	21	8
4	6	3	7	22	3	2
4	6	3	7	17	7	5
4	6	2	7	18	4	7
4	8	12	16	8
4	7	10	19	8
4	5	8	11	8	4
4	4	10	9	2
4	4	1	9	11
4	5	2	11	21
4	5	4	12	22
4	5	16	23
4	5	9	3	23
4	2	9	4	23
4	2	5	4	22
4	3	5	4	17
4	8	3	5	15
5	8	1	3	4	15	11
7	10	2	4	5	15	3	2
13	2	1	2	4	17	3	6	1
9	2	2	3	16	2	9	1
8	2	2	4	16	11	1
7	3	6	16	3	2
5	4	2	3	16	17
5	4	1	1	3	15	16
4	3	1	2	3	14	12
4	3	4	1	2	15	3	8
4	4	6	2	3	3	6	3	4	6
4	4	7	2	2	2	6	4	2	5
4	4	9	2	3	7	4	1	4
4	4	10	2	7	2	4	8	3
4	4	12	1	8	2	9	4	2
4	4	14	1	6	2	2	9	6	1
8	15	3	17	3	1	7